[gd_scene format=3 uid="uid://dw13ni3x007an"]

[ext_resource type="PackedScene" uid="uid://blneyf01pyiw1" path="res://garage.tscn" id="1_rikbr"]
[ext_resource type="PackedScene" uid="uid://dhhr23e1b4ikq" path="res://player.tscn" id="2_16obh"]
[ext_resource type="PackedScene" uid="uid://bwjudthjj1rlb" path="res://garage_door.glb" id="3_16obh"]

[sub_resource type="Environment" id="Environment_r1115"]
ambient_light_color = Color(1, 1, 1, 1)

[node name="Welt" type="Node3D" unique_id=1081608641]

[node name="Parking" parent="." unique_id=1011660245 instance=ExtResource("1_rikbr")]

[node name="CSGBox3D3" type="CSGBox3D" parent="Parking" unique_id=183888740]
transform = Transform3D(0.7750108, 0, -0.63194853, 0, 1, 0, 0.63194853, 0, 0.7750108, -8.862007, 1.4327826, 11.122937)
use_collision = true
size = Vector3(4.9224243, 2.2680664, 2.7287598)

[node name="CSGBox3D2" type="CSGBox3D" parent="Parking" unique_id=1432271905]
transform = Transform3D(0.9242065, 0, 0.38189316, 0, 1, 0, -0.38189316, 0, 0.9242065, -8.236498, 1.5395353, 1.7204632)
use_collision = true
size = Vector3(5.3435364, 2.0733643, 2.7287598)

[node name="CSGBox3D" type="CSGBox3D" parent="Parking" unique_id=257877769]
transform = Transform3D(1, 0, 0, 0, 1, 0, 0, 0, 1, 4.9111023, 2.2718725, 0)
use_collision = true
size = Vector3(21.095276, 4.82016, 1)

[node name="CSGBox3D7" type="CSGBox3D" parent="Parking" unique_id=589572267]
transform = Transform3D(0.13813597, 0, -0.99041325, 0, 1, 0, 0.99041325, 0, 0.13813597, -4.6783485, 1.7142155, 16.47276)
use_collision = true

[node name="CSGBox3D6" type="CSGBox3D" parent="Parking" unique_id=1284642650]
transform = Transform3D(0.9024199, 0, 0.43085766, 0, 1, 0, -0.43085766, 0, 0.9024199, -7.3405795, 0.69819283, 13.971572)
use_collision = true
size = Vector3(1, 1.3847656, 1)

[node name="CSGBox3D5" type="CSGBox3D" parent="Parking" unique_id=600427576]
transform = Transform3D(1, 0, 0, 0, 1, 0, 0, 0, 1, -6.1854286, 0.31764746, 16.386536)

[node name="CSGBox3D4" type="CSGBox3D" parent="Parking" unique_id=1980132505]
transform = Transform3D(1, 0, 0, 0, 1, 0, 0, 0, 1, -6.1854286, 0.31764746, 16.386536)
use_collision = true
size = Vector3(1, 0.6870117, 1)

[node name="CSGBox3D10" type="CSGBox3D" parent="Parking" unique_id=1273123290]
transform = Transform3D(1, 0, 0, 0, 1, 0, 0, 0, 1, -7.296647, 1.7735057, 14.806889)
use_collision = true
size = Vector3(1, 0.9024048, 2.630371)

[node name="CSGBox3D9" type="CSGBox3D" parent="Parking" unique_id=697481081]
transform = Transform3D(1, 0, 0, 0, 1, 0, 0, 0, 1, -7.1949964, 1.3331487, 16.471367)
use_collision = true
size = Vector3(1, 2.6879883, 1)

[node name="CSGBox3D8" type="CSGBox3D" parent="Parking" unique_id=1041751372]
transform = Transform3D(1, 0, 0, 0, 1, 0, 0, 0, 1, -7.1949964, 0.48915458, 15.183762)
use_collision = true
size = Vector3(1, 1, 1.4453125)

[node name="Player" parent="." unique_id=1016498966 instance=ExtResource("2_16obh")]
transform = Transform3D(1, 0, 0, 0, 1, 0, 0, 0, 1, 16.495577, 1.9132862, -9.935269)

[node name="CSGBox3D" type="CSGBox3D" parent="." unique_id=1411036464]
transform = Transform3D(1, 0, 0, 0, 1, 0, 0, 0, 1, 0, -0.5261178, 0)
use_collision = true
size = Vector3(100, 1, 100)

[node name="WorldEnvironment" type="WorldEnvironment" parent="." unique_id=119006555]
environment = SubResource("Environment_r1115")

[node name="DirectionalLight3D" type="DirectionalLight3D" parent="WorldEnvironment" unique_id=960086149]
transform = Transform3D(1, 0, 0, 0, 0.9848077, 0.17364818, 0, -0.17364818, 0.9848077, 0, 0, 0)
light_color = Color(1, 1, 0.56078434, 1)
shadow_enabled = true
shadow_bias = 0.5
shadow_reverse_cull_face = true

[node name="OmniLight3D" type="OmniLight3D" parent="." unique_id=1270712839]
transform = Transform3D(1, 0, 0, 0, 1, 0, 0, 0, 1, 0, 2.149026, -10.485351)
omni_range = 20.993458

[node name="OmniLight3D2" type="OmniLight3D" parent="." unique_id=1751195457]
transform = Transform3D(1, 0, 0, 0, 1, 0, 0, 0, 1, 0, 2.149026, 8.365632)
omni_range = 20.993458

[node name="OmniLight3D3" type="OmniLight3D" parent="." unique_id=115476672]
transform = Transform3D(1, 0, 0, 0, 1, 0, 0, 0, 1, 51.89913, 2.149026, 7.298341)
omni_range = 20.993458

[node name="OmniLight3D4" type="OmniLight3D" parent="." unique_id=180699107]
transform = Transform3D(1, 0, 0, 0, 1, 0, 0, 0, 1, 45.10222, 2.149026, 19.99522)
omni_range = 20.993458

[node name="CSGBox3D2" type="CSGBox3D" parent="." unique_id=1814297097]
transform = Transform3D(1, 0, 0, 0, 1, 0, 0, 0, 1, -4.7630963, 0.61749506, 16.482613)
use_collision = true
size = Vector3(1.6934814, 1.2432861, 1)

[node name="Sketchfab_Scene" parent="." unique_id=79998154 instance=ExtResource("3_16obh")]
transform = Transform3D(-0.008590439, 0, -0.99667835, 0, 0.7541497, 0, 1.6516668, 0, -0.005183797, 15.270435, 1.5065145, 7.50909)
